
# categorical variables
pal_7PlusBlackGray <- c("#000000","#E69F00","#56B4E9","#009E73",
           "#F0E442","#0072B2","#D55E00","#CC79A7",
           "#999999" )

# large categorical variables (only if really necessary)
pal_11PlusGray <- c("#88CCEE", "#CC6677", "#DDCC77", "#117733", "#332288", "#AA4499",
            "#44AA99", "#999933", "#882255", "#661100", "#6699CC", "#888888")

# continuous variables
pal_contYB <- c('#f7feae','#b7e6a5','#7ccba2','#46aea0','#089099','#00718b','#045275')
pal_contSunset <- c('#fcde9c','#faa476','#f0746e','#e34f6f','#dc3977','#b9257a','#7c1d6f')

# diverging
pal_div <- c('#008080','#70a494','#b4c8a8','#f6edbd','#edbb8a','#de8a5a','#ca562c')

# color-blind version of red-yellow-green
pal_ryg <- c("#D55E00","#F0E442","#009E73")
